10 75.12307129
10.02 55.74440918
10.04 42.39296875
10.06 29.04152832
10.08 10.88356934
10.1 -19.4814209
10.12 -65.56296387
10.14 -116.5273193
10.16 -145.6716064
10.18 -142.0094971
10.2 -124.9959473
10.22 -106.8379883
10.24 -91.0451416
10.26 -72.88718262
10.28 -70.44577637
10.3 -66.78366699
10.32 -81.35581055
10.34 -100.7344727
10.36 -112.86521
10.38 -122.630835
10.4 -116.5273193
10.42 -109.2793945
10.44 -91.0451416
10.46 -66.78366699
10.48 -20.70212402
10.5 27.8208252
10.52 65.43374023
10.54 116.3980957
10.56 163.7003418
10.58 211.0025879
10.6 264.4083496
10.62 322.6206299
10.64 380.9092041
10.66 426.9907471
10.68 467.0450684
10.7 517.9331299
10.72 579.8075195
10.74 623.5239502
10.76 667.1640869
10.78 715.6870361
10.8 761.8448731
10.82 799.4577881
10.84 828.5257813
10.86 858.8907715
10.88 890.4001709
10.9 902.5309082
10.92 867.3593994
10.94 754.5206543
10.96 573.7802979
10.98 292.3319336
11 -108.0586914
11.02 -545.9859375
11.04 -839.5650391
11.06 -885.646582
11.08 -883.2814697
11.1 -882.0607666
11.12 -880.8400635
11.14 -882.0607666
11.16 -883.2814697
11.18 -883.2814697
11.2 -883.2814697
11.22 -883.2814697
11.24 -883.2814697
11.26 -883.2814697
11.28 -882.0607666
11.3 -883.2814697
11.32 -883.2814697
11.34 -883.2814697
11.36 -882.0607666
11.38 -883.2814697
11.4 -759.5326904
11.42 -159.0230469
11.44 551.9602295
11.46 1748.096704
11.48 1147.587061
11.5 810.3678223
11.52 809.1471191
11.54 839.4358154
11.56 850.3458496
11.58 864.9179932
11.6 846.7600342
11.62 770.313501
11.64 707.2184082
11.66 650.2268311
11.68 583.4696289
11.7 503.4372803
11.72 424.5493408
11.74 345.6614014
11.76 268.070459
11.78 189.1825195
11.8 110.370874
11.82 31.48293457
11.84 -44.96359863
11.86 -109.2793945
11.88 -152.9195313
11.9 -174.7395996
11.92 -179.6224121
11.94 -182.0638184
11.96 -182.0638184
11.98 -182.0638184
12 -180.8431152
12.02 -171.1537842
12.04 -154.1402344
12.06 -135.9059814
12.08 -112.86521
12.1 -85.01791992
12.12 -50.99082031
12.14 -17.04001465
12.16 18.13149414
12.18 48.49648438
12.2 65.43374023
12.22 67.87514648
12.24 60.62722168
12.26 53.30300293
12.28 48.49648438
12.3 47.27578125
12.32 49.64089356
12.34 54.52370606
12.36 60.62722168
12.38 66.65444336
12.4 70.31655273
12.42 67.87514648
12.44 61.77163086
12.46 54.52370606
12.48 44.834375
12.5 35.14504395
12.52 27.8208252
12.54 32.7036377
12.56 50.86159668
12.58 75.12307129
12.6 94.57802734
12.62 94.57802734
12.64 84.88869629
12.66 62.99233398
12.68 41.17226563
12.7 26.60012207
12.72 19.35219727
12.74 18.13149414
12.76 21.79360352
12.78 29.04152832
12.8 31.48293457
12.82 35.14504395
12.84 33.92434082
12.86 29.04152832
12.88 20.57290039
12.9 9.662866211
12.92 -1.247167969
12.94 -12.23349609
12.96 -21.92282715
12.98 -27.95004883
13 -29.17075195
13.02 -29.17075195
13.04 -29.17075195
13.06 -29.17075195
13.08 -31.6121582
13.1 -34.05356445
13.12 -37.63937988
